what,kind,bundleId,bundleVersion,description,time
activated,editor,org.eclipse.jst.jsp.ui,1.1.503.v201101262228,"org.eclipse.jst.jsp.core.jspsource.source",1409765635399
deactivated,workbench,org.eclipse.ui.workbench,3.6.2.M20110210-1200,"",1409765653246
executed,command,org.eclipse.ui,3.6.2.M20110203-1100,"org.eclipse.ui.edit.paste",1409765654965
activated,view,org.eclipse.search,3.6.0.v20100520-0800,"org.eclipse.search.ui.views.SearchView",1409765660323
activated,workbench,org.eclipse.ui.workbench,3.6.2.M20110210-1200,"",1409765660351
executed,command,org.eclipse.search,3.6.0.v20100520-0800,"org.eclipse.search.ui.openSearchDialog",1409765660360
deactivated,workbench,org.eclipse.ui.workbench,3.6.2.M20110210-1200,"",1409765660633
activated,workbench,org.eclipse.ui.workbench,3.6.2.M20110210-1200,"",1409765664902
opened,editor,org.eclipse.jdt.ui,3.6.2.r362_v20110203,"org.eclipse.jdt.ui.PropertiesFileEditor",1409765676989
activated,editor,org.eclipse.jdt.ui,3.6.2.r362_v20110203,"org.eclipse.jdt.ui.PropertiesFileEditor",1409765677015
executed,command,org.eclipse.ui,3.6.2.M20110203-1100,"org.eclipse.ui.edit.delete",1409765687438
executed,command,org.eclipse.ui,3.6.2.M20110203-1100,"org.eclipse.ui.edit.delete",1409765687749
executed,command,org.eclipse.ui,3.6.2.M20110203-1100,"org.eclipse.ui.file.save",1409765698597
activated,view,org.eclipse.search,3.6.0.v20100520-0800,"org.eclipse.search.ui.views.SearchView",1409765704112
activated,editor,org.eclipse.jst.jsp.ui,1.1.503.v201101262228,"org.eclipse.jst.jsp.core.jspsource.source",1409765724008
activated,view,org.eclipse.ui.ide,3.6.2.M20101201-0800,"org.eclipse.ui.views.ResourceNavigator",1409765749570
deactivated,workbench,org.eclipse.ui.workbench,3.6.2.M20110210-1200,"",1409765760445
activated,workbench,org.eclipse.ui.workbench,3.6.2.M20110210-1200,"",1409765794069
activated,view,org.eclipse.search,3.6.0.v20100520-0800,"org.eclipse.search.ui.views.SearchView",1409765794083
deactivated,workbench,org.eclipse.ui.workbench,3.6.2.M20110210-1200,"",1409765813294
activated,workbench,org.eclipse.ui.workbench,3.6.2.M20110210-1200,"",1409765825435
executed,command,org.eclipse.search,3.6.0.v20100520-0800,"org.eclipse.search.ui.openSearchDialog",1409765825442
deactivated,workbench,org.eclipse.ui.workbench,3.6.2.M20110210-1200,"",1409765825720
activated,workbench,org.eclipse.ui.workbench,3.6.2.M20110210-1200,"",1409765829057
activated,editor,org.eclipse.jdt.ui,3.6.2.r362_v20110203,"org.eclipse.jdt.ui.PropertiesFileEditor",1409765831346
activated,view,org.eclipse.search,3.6.0.v20100520-0800,"org.eclipse.search.ui.views.SearchView",1409765838961
activated,editor,org.eclipse.jdt.ui,3.6.2.r362_v20110203,"org.eclipse.jdt.ui.PropertiesFileEditor",1409765840126
activated,view,org.eclipse.search,3.6.0.v20100520-0800,"org.eclipse.search.ui.views.SearchView",1409765842794
activated,editor,org.eclipse.jdt.ui,3.6.2.r362_v20110203,"org.eclipse.jdt.ui.PropertiesFileEditor",1409765849048
activated,view,org.eclipse.search,3.6.0.v20100520-0800,"org.eclipse.search.ui.views.SearchView",1409765853187
closed,editor,org.eclipse.jdt.ui,3.6.2.r362_v20110203,"org.eclipse.jdt.ui.PropertiesFileEditor",1409765867301
opened,editor,org.eclipse.jst.jsp.ui,1.1.503.v201101262228,"org.eclipse.jst.jsp.core.jspsource.source",1409765867366
activated,editor,org.eclipse.jst.jsp.ui,1.1.503.v201101262228,"org.eclipse.jst.jsp.core.jspsource.source",1409765869181
executed,command,org.eclipse.ui,3.6.2.M20110203-1100,"org.eclipse.ui.file.save",1409765944714
deactivated,workbench,org.eclipse.ui.workbench,3.6.2.M20110210-1200,"",1409765946457
activated,workbench,org.eclipse.ui.workbench,3.6.2.M20110210-1200,"",1409765952161
executed,command,org.eclipse.ui,3.6.2.M20110203-1100,"org.eclipse.ui.edit.delete",1409765953547
executed,command,org.eclipse.ui,3.6.2.M20110203-1100,"org.eclipse.ui.file.save",1409765957470
activated,view,org.eclipse.search,3.6.0.v20100520-0800,"org.eclipse.search.ui.views.SearchView",1409765961674
activated,editor,org.eclipse.jst.jsp.ui,1.1.503.v201101262228,"org.eclipse.jst.jsp.core.jspsource.source",1409765977359
activated,view,org.eclipse.search,3.6.0.v20100520-0800,"org.eclipse.search.ui.views.SearchView",1409766006910
activated,editor,org.eclipse.jst.jsp.ui,1.1.503.v201101262228,"org.eclipse.jst.jsp.core.jspsource.source",1409766014141
activated,editor,org.eclipse.jst.jsp.ui,1.1.503.v201101262228,"org.eclipse.jst.jsp.core.jspsource.source",1409766040263
activated,editor,org.eclipse.jst.jsp.ui,1.1.503.v201101262228,"org.eclipse.jst.jsp.core.jspsource.source",1409766043387
activated,editor,org.eclipse.jdt.ui,3.6.2.r362_v20110203,"org.eclipse.jdt.ui.CompilationUnitEditor",1409766046179
activated,view,org.eclipse.search,3.6.0.v20100520-0800,"org.eclipse.search.ui.views.SearchView",1409766059818
activated,editor,org.eclipse.jst.jsp.ui,1.1.503.v201101262228,"org.eclipse.jst.jsp.core.jspsource.source",1409766060078
activated,editor,org.eclipse.wst.xml.ui,1.1.103.v201101122108,"org.eclipse.wst.xml.ui.internal.tabletree.XMLMultiPageEditorPart",1409766136238
deactivated,workbench,org.eclipse.ui.workbench,3.6.2.M20110210-1200,"",1409766153749
activated,workbench,org.eclipse.ui.workbench,3.6.2.M20110210-1200,"",1409766165291
activated,view,org.eclipse.search,3.6.0.v20100520-0800,"org.eclipse.search.ui.views.SearchView",1409766165312
deactivated,workbench,org.eclipse.ui.workbench,3.6.2.M20110210-1200,"",1409766177407
executed,command,org.eclipse.ui,3.6.2.M20110203-1100,"org.eclipse.ui.edit.paste",1409766180790
activated,workbench,org.eclipse.ui.workbench,3.6.2.M20110210-1200,"",1409766182496
executed,command,org.eclipse.search,3.6.0.v20100520-0800,"org.eclipse.search.ui.openFileSearchPage",1409766182502
deactivated,workbench,org.eclipse.ui.workbench,3.6.2.M20110210-1200,"",1409766182782
activated,workbench,org.eclipse.ui.workbench,3.6.2.M20110210-1200,"",1409766186991
activated,editor,org.eclipse.wst.xml.ui,1.1.103.v201101122108,"org.eclipse.wst.xml.ui.internal.tabletree.XMLMultiPageEditorPart",1409766189402
executed,command,org.eclipse.ui,3.6.2.M20110203-1100,"org.eclipse.ui.edit.copy",1409766201425
activated,view,org.eclipse.search,3.6.0.v20100520-0800,"org.eclipse.search.ui.views.SearchView",1409766203542
activated,editor,org.eclipse.wst.xml.ui,1.1.103.v201101122108,"org.eclipse.wst.xml.ui.internal.tabletree.XMLMultiPageEditorPart",1409766203758
activated,view,org.eclipse.search,3.6.0.v20100520-0800,"org.eclipse.search.ui.views.SearchView",1409766205438
activated,editor,org.eclipse.wst.xml.ui,1.1.103.v201101122108,"org.eclipse.wst.xml.ui.internal.tabletree.XMLMultiPageEditorPart",1409766205657
activated,view,org.eclipse.search,3.6.0.v20100520-0800,"org.eclipse.search.ui.views.SearchView",1409766207336
activated,editor,org.eclipse.wst.xml.ui,1.1.103.v201101122108,"org.eclipse.wst.xml.ui.internal.tabletree.XMLMultiPageEditorPart",1409766207555
activated,view,org.eclipse.search,3.6.0.v20100520-0800,"org.eclipse.search.ui.views.SearchView",1409766215523
activated,editor,org.eclipse.wst.xml.ui,1.1.103.v201101122108,"org.eclipse.wst.xml.ui.internal.tabletree.XMLMultiPageEditorPart",1409766215742
executed,command,org.eclipse.ui,3.6.2.M20110203-1100,"org.eclipse.ui.edit.copy",1409766223919
executed,command,org.eclipse.ui,3.6.2.M20110203-1100,"org.eclipse.ui.edit.copy",1409766224190
executed,command,org.eclipse.ui,3.6.2.M20110203-1100,"org.eclipse.ui.edit.copy",1409766224407
activated,view,org.eclipse.search,3.6.0.v20100520-0800,"org.eclipse.search.ui.views.SearchView",1409766226022
activated,editor,org.eclipse.wst.xml.ui,1.1.103.v201101122108,"org.eclipse.wst.xml.ui.internal.tabletree.XMLMultiPageEditorPart",1409766226266
activated,view,org.eclipse.ui.ide,3.6.2.M20101201-0800,"org.eclipse.ui.views.ResourceNavigator",1409766235001
opened,editor,org.eclipse.wst.xml.ui,1.1.103.v201101122108,"org.eclipse.wst.xml.ui.internal.tabletree.XMLMultiPageEditorPart",1409766235265
activated,editor,org.eclipse.wst.xml.ui,1.1.103.v201101122108,"org.eclipse.wst.xml.ui.internal.tabletree.XMLMultiPageEditorPart",1409766235302
deactivated,workbench,org.eclipse.ui.workbench,3.6.2.M20110210-1200,"",1409766238027
executed,command,org.eclipse.ui,3.6.2.M20110203-1100,"org.eclipse.ui.edit.findReplace",1409766238042
executed,command,org.eclipse.ui,3.6.2.M20110203-1100,"org.eclipse.ui.edit.paste",1409766239751
activated,workbench,org.eclipse.ui.workbench,3.6.2.M20110210-1200,"",1409766255396
activated,view,org.eclipse.ui.ide,3.6.2.M20101201-0800,"org.eclipse.ui.views.ResourceNavigator",1409766255416
opened,editor,org.eclipse.jst.jsp.ui,1.1.503.v201101262228,"org.eclipse.jst.jsp.core.jspsource.source",1409766255641
activated,editor,org.eclipse.jst.jsp.ui,1.1.503.v201101262228,"org.eclipse.jst.jsp.core.jspsource.source",1409766255689
deactivated,workbench,org.eclipse.ui.workbench,3.6.2.M20110210-1200,"",1409766257512
activated,workbench,org.eclipse.ui.workbench,3.6.2.M20110210-1200,"",1409766257619
executed,command,org.eclipse.ui,3.6.2.M20110203-1100,"org.eclipse.ui.edit.copy",1409766292167
executed,command,org.eclipse.ui,3.6.2.M20110203-1100,"org.eclipse.ui.edit.copy",1409766292639
executed,command,org.eclipse.ui,3.6.2.M20110203-1100,"org.eclipse.ui.edit.copy",1409766292735
deactivated,workbench,org.eclipse.ui.workbench,3.6.2.M20110210-1200,"",1409766299287
executed,command,org.eclipse.ui,3.6.2.M20110203-1100,"org.eclipse.ui.edit.paste",1409766300622
activated,view,org.eclipse.search,3.6.0.v20100520-0800,"org.eclipse.search.ui.views.SearchView",1409766301772
activated,workbench,org.eclipse.ui.workbench,3.6.2.M20110210-1200,"",1409766301805
executed,command,org.eclipse.search,3.6.0.v20100520-0800,"org.eclipse.search.ui.openFileSearchPage",1409766301815
deactivated,workbench,org.eclipse.ui.workbench,3.6.2.M20110210-1200,"",1409766302081
activated,workbench,org.eclipse.ui.workbench,3.6.2.M20110210-1200,"",1409766305449
closed,editor,org.eclipse.jst.jsp.ui,1.1.503.v201101262228,"org.eclipse.jst.jsp.core.jspsource.source",1409766308101
opened,editor,org.eclipse.wst.jsdt.ui,1.1.4.v201102160540,"org.eclipse.wst.jsdt.ui.CompilationUnitEditor",1409766308481
activated,editor,org.eclipse.wst.jsdt.ui,1.1.4.v201102160540,"org.eclipse.wst.jsdt.ui.CompilationUnitEditor",1409766311872
started,bundle,org.eclipse.wst.jsdt.debug.ui,1.0.3.v201011040143,"org.eclipse.wst.jsdt.debug.ui",1409766311883
deactivated,workbench,org.eclipse.ui.workbench,3.6.2.M20110210-1200,"",1409766322841
executed,command,org.eclipse.ui,3.6.2.M20110203-1100,"org.eclipse.ui.edit.findReplace",1409766322854
activated,workbench,org.eclipse.ui.workbench,3.6.2.M20110210-1200,"",1409766354605
activated,editor,org.eclipse.jdt.ui,3.6.2.r362_v20110203,"org.eclipse.jdt.ui.CompilationUnitEditor",1409766364187
executed,command,org.eclipse.ui,3.6.2.M20110203-1100,"org.eclipse.ui.file.save",1409766369928
started,bundle,org.eclipse.pde.launching,3.6.0.v20100601,"org.eclipse.pde.launching",1409766378856
started,bundle,org.eclipse.ui.views.log,1.0.100.v20110210_r362,"org.eclipse.ui.views.log",1409766378860
started,bundle,org.eclipse.pde.ui,3.6.1.v20110210_r362,"org.eclipse.pde.ui",1409766378862
executed,command,org.eclipse.ui,3.6.2.M20110203-1100,"org.eclipse.ui.file.save",1409766384749
activated,editor,org.eclipse.wst.jsdt.ui,1.1.4.v201102160540,"org.eclipse.wst.jsdt.ui.CompilationUnitEditor",1409766386911
deactivated,workbench,org.eclipse.ui.workbench,3.6.2.M20110210-1200,"",1409766394485
executed,command,org.eclipse.ui,3.6.2.M20110203-1100,"org.eclipse.ui.edit.findReplace",1409766394500
activated,workbench,org.eclipse.ui.workbench,3.6.2.M20110210-1200,"",1409766402024
executed,command,org.eclipse.ui,3.6.2.M20110203-1100,"org.eclipse.ui.edit.delete",1409766420934
executed,command,org.eclipse.ui,3.6.2.M20110203-1100,"org.eclipse.ui.file.save",1409766432080
deactivated,workbench,org.eclipse.ui.workbench,3.6.2.M20110210-1200,"",1409766434014
activated,workbench,org.eclipse.ui.workbench,3.6.2.M20110210-1200,"",1409766471439
executed,command,org.eclipse.ui,3.6.2.M20110203-1100,"org.eclipse.ui.edit.undo",1409766587715
executed,command,org.eclipse.ui,3.6.2.M20110203-1100,"org.eclipse.ui.edit.delete",1409766606405
executed,command,org.eclipse.ui,3.6.2.M20110203-1100,"org.eclipse.ui.edit.delete",1409766610805
executed,command,org.eclipse.ui,3.6.2.M20110203-1100,"org.eclipse.ui.file.save",1409766613258
deactivated,workbench,org.eclipse.ui.workbench,3.6.2.M20110210-1200,"",1409766615595
activated,workbench,org.eclipse.ui.workbench,3.6.2.M20110210-1200,"",1409766638535
activated,editor,org.eclipse.jdt.ui,3.6.2.r362_v20110203,"org.eclipse.jdt.ui.CompilationUnitEditor",1409766638725
closed,editor,org.eclipse.wst.jsdt.ui,1.1.4.v201102160540,"org.eclipse.wst.jsdt.ui.CompilationUnitEditor",1409766638725
closed,editor,org.eclipse.jst.jsp.ui,1.1.503.v201101262228,"org.eclipse.jst.jsp.core.jspsource.source",1409766640654
closed,editor,org.eclipse.wst.xml.ui,1.1.103.v201101122108,"org.eclipse.wst.xml.ui.internal.tabletree.XMLMultiPageEditorPart",1409766643407
closed,editor,org.eclipse.jst.jsp.ui,1.1.503.v201101262228,"org.eclipse.jst.jsp.core.jspsource.source",1409766644791
closed,editor,org.eclipse.jst.jsp.ui,1.1.503.v201101262228,"org.eclipse.jst.jsp.core.jspsource.source",1409766646243
closed,editor,org.eclipse.jdt.ui,3.6.2.r362_v20110203,"org.eclipse.jdt.ui.CompilationUnitEditor",1409766647793
activated,editor,org.eclipse.wst.xml.ui,1.1.103.v201101122108,"org.eclipse.wst.xml.ui.internal.tabletree.XMLMultiPageEditorPart",1409766649339
closed,editor,org.eclipse.jdt.ui,3.6.2.r362_v20110203,"org.eclipse.jdt.ui.CompilationUnitEditor",1409766649339
activated,editor,org.eclipse.jst.jsp.ui,1.1.503.v201101262228,"org.eclipse.jst.jsp.core.jspsource.source",1409766650425
closed,editor,org.eclipse.wst.xml.ui,1.1.103.v201101122108,"org.eclipse.wst.xml.ui.internal.tabletree.XMLMultiPageEditorPart",1409766650425
executed,command,org.eclipse.ui,3.6.2.M20110203-1100,"org.eclipse.ui.edit.cut",1409766680172
executed,command,org.eclipse.ui,3.6.2.M20110203-1100,"org.eclipse.ui.file.save",1409766682522
deactivated,workbench,org.eclipse.ui.workbench,3.6.2.M20110210-1200,"",1409766685250
activated,workbench,org.eclipse.ui.workbench,3.6.2.M20110210-1200,"",1409766708177
activated,view,org.eclipse.ui.ide,3.6.2.M20101201-0800,"org.eclipse.ui.views.ResourceNavigator",1409766708195
activated,editor,org.eclipse.jst.jsp.ui,1.1.503.v201101262228,"org.eclipse.jst.jsp.core.jspsource.source",1409766708395
activated,view,org.eclipse.ui.ide,3.6.2.M20101201-0800,"org.eclipse.ui.views.ResourceNavigator",1409766713104
opened,editor,org.eclipse.jdt.ui,3.6.2.r362_v20110203,"org.eclipse.jdt.ui.CompilationUnitEditor",1409766736401
activated,editor,org.eclipse.jdt.ui,3.6.2.r362_v20110203,"org.eclipse.jdt.ui.CompilationUnitEditor",1409766736448
executed,command,org.eclipse.ui,3.6.2.M20110203-1100,"org.eclipse.ui.file.save",1409766768241
activated,view,org.eclipse.ui.ide,3.6.2.M20101201-0800,"org.eclipse.ui.views.ResourceNavigator",1409766775775
opened,editor,org.eclipse.jdt.ui,3.6.2.r362_v20110203,"org.eclipse.jdt.ui.CompilationUnitEditor",1409766776032
activated,editor,org.eclipse.jdt.ui,3.6.2.r362_v20110203,"org.eclipse.jdt.ui.CompilationUnitEditor",1409766776055
activated,editor,org.eclipse.jdt.ui,3.6.2.r362_v20110203,"org.eclipse.jdt.ui.CompilationUnitEditor",1409766793399
activated,editor,org.eclipse.jdt.ui,3.6.2.r362_v20110203,"org.eclipse.jdt.ui.CompilationUnitEditor",1409766795703
executed,command,org.eclipse.ui,3.6.2.M20110203-1100,"org.eclipse.ui.file.save",1409766797715
executed,command,org.eclipse.ui,3.6.2.M20110203-1100,"org.eclipse.ui.file.save",1409766806898
activated,view,org.eclipse.ui.ide,3.6.2.M20101201-0800,"org.eclipse.ui.views.ResourceNavigator",1409766809641
opened,editor,org.eclipse.jdt.ui,3.6.2.r362_v20110203,"org.eclipse.jdt.ui.CompilationUnitEditor",1409766809894
activated,editor,org.eclipse.jdt.ui,3.6.2.r362_v20110203,"org.eclipse.jdt.ui.CompilationUnitEditor",1409766809917
activated,view,org.eclipse.ui.ide,3.6.2.M20101201-0800,"org.eclipse.ui.views.ResourceNavigator",1409766814425
opened,editor,org.eclipse.jdt.ui,3.6.2.r362_v20110203,"org.eclipse.jdt.ui.CompilationUnitEditor",1409766814678
activated,editor,org.eclipse.jdt.ui,3.6.2.r362_v20110203,"org.eclipse.jdt.ui.CompilationUnitEditor",1409766814702
executed,command,org.eclipse.ui,3.6.2.M20110203-1100,"org.eclipse.ui.file.save",1409766832963
opened,editor,org.eclipse.jdt.ui,3.6.2.r362_v20110203,"org.eclipse.jdt.ui.CompilationUnitEditor",1409766838198
activated,editor,org.eclipse.jdt.ui,3.6.2.r362_v20110203,"org.eclipse.jdt.ui.CompilationUnitEditor",1409766838217
executed,command,org.eclipse.ui,3.6.2.M20110203-1100,"org.eclipse.ui.file.save",1409766848596
activated,view,org.eclipse.ui.ide,3.6.2.M20101201-0800,"org.eclipse.ui.views.ResourceNavigator",1409766853644
activated,editor,org.eclipse.jdt.ui,3.6.2.r362_v20110203,"org.eclipse.jdt.ui.CompilationUnitEditor",1409766853852
executed,command,org.eclipse.ui,3.6.2.M20110203-1100,"org.eclipse.ui.file.save",1409766885151
activated,view,org.eclipse.ui.ide,3.6.2.M20101201-0800,"org.eclipse.ui.views.ResourceNavigator",1409766892519
opened,editor,org.eclipse.jdt.ui,3.6.2.r362_v20110203,"org.eclipse.jdt.ui.CompilationUnitEditor",1409766894050
activated,editor,org.eclipse.jdt.ui,3.6.2.r362_v20110203,"org.eclipse.jdt.ui.CompilationUnitEditor",1409766894075
executed,command,org.eclipse.ui,3.6.2.M20110203-1100,"org.eclipse.ui.file.save",1409766904276
activated,view,org.eclipse.ui.ide,3.6.2.M20101201-0800,"org.eclipse.ui.views.ResourceNavigator",1409766911276
opened,editor,org.eclipse.jdt.ui,3.6.2.r362_v20110203,"org.eclipse.jdt.ui.CompilationUnitEditor",1409766926303
activated,editor,org.eclipse.jdt.ui,3.6.2.r362_v20110203,"org.eclipse.jdt.ui.CompilationUnitEditor",1409766926330
executed,command,org.eclipse.ui,3.6.2.M20110203-1100,"org.eclipse.ui.file.save",1409766942284
deactivated,workbench,org.eclipse.ui.workbench,3.6.2.M20110210-1200,"",1409767343662
activated,workbench,org.eclipse.ui.workbench,3.6.2.M20110210-1200,"",1409767420133
activated,view,org.eclipse.search,3.6.0.v20100520-0800,"org.eclipse.search.ui.views.SearchView",1409767420163
opened,editor,org.eclipse.wst.jsdt.ui,1.1.4.v201102160540,"org.eclipse.wst.jsdt.ui.CompilationUnitEditor",1409767420377
activated,editor,org.eclipse.wst.jsdt.ui,1.1.4.v201102160540,"org.eclipse.wst.jsdt.ui.CompilationUnitEditor",1409767420420
activated,view,org.eclipse.search,3.6.0.v20100520-0800,"org.eclipse.search.ui.views.SearchView",1409767428462
activated,editor,org.eclipse.wst.jsdt.ui,1.1.4.v201102160540,"org.eclipse.wst.jsdt.ui.CompilationUnitEditor",1409767428683
activated,view,org.eclipse.search,3.6.0.v20100520-0800,"org.eclipse.search.ui.views.SearchView",1409767433013
closed,editor,org.eclipse.wst.jsdt.ui,1.1.4.v201102160540,"org.eclipse.wst.jsdt.ui.CompilationUnitEditor",1409767439515
opened,editor,org.eclipse.jst.jsp.ui,1.1.503.v201101262228,"org.eclipse.jst.jsp.core.jspsource.source",1409767439569
activated,editor,org.eclipse.jst.jsp.ui,1.1.503.v201101262228,"org.eclipse.jst.jsp.core.jspsource.source",1409767439602
deactivated,workbench,org.eclipse.ui.workbench,3.6.2.M20110210-1200,"",1409767444319
activated,workbench,org.eclipse.ui.workbench,3.6.2.M20110210-1200,"",1409767481454
activated,editor,org.eclipse.jdt.ui,3.6.2.r362_v20110203,"org.eclipse.jdt.ui.CompilationUnitEditor",1409767481650
activated,editor,org.eclipse.jst.jsp.ui,1.1.503.v201101262228,"org.eclipse.jst.jsp.core.jspsource.source",1409767490949
activated,editor,org.eclipse.jdt.ui,3.6.2.r362_v20110203,"org.eclipse.jdt.ui.CompilationUnitEditor",1409767493151
activated,editor,org.eclipse.jdt.ui,3.6.2.r362_v20110203,"org.eclipse.jdt.ui.CompilationUnitEditor",1409767499522
activated,editor,org.eclipse.jdt.ui,3.6.2.r362_v20110203,"org.eclipse.jdt.ui.CompilationUnitEditor",1409767501884
deactivated,workbench,org.eclipse.ui.workbench,3.6.2.M20110210-1200,"",1409767510205
executed,command,org.eclipse.ui,3.6.2.M20110203-1100,"org.eclipse.ui.edit.findReplace",1409767510218
activated,workbench,org.eclipse.ui.workbench,3.6.2.M20110210-1200,"",1409767516159
activated,editor,org.eclipse.jdt.ui,3.6.2.r362_v20110203,"org.eclipse.jdt.ui.CompilationUnitEditor",1409767518484
activated,editor,org.eclipse.jdt.ui,3.6.2.r362_v20110203,"org.eclipse.jdt.ui.CompilationUnitEditor",1409767527415
activated,view,org.eclipse.ui.console,3.5.0.v20100526,"org.eclipse.ui.console.ConsoleView",1409767535110
activated,editor,org.eclipse.jdt.ui,3.6.2.r362_v20110203,"org.eclipse.jdt.ui.CompilationUnitEditor",1409767539856
deactivated,workbench,org.eclipse.ui.workbench,3.6.2.M20110210-1200,"",1409767563797
activated,workbench,org.eclipse.ui.workbench,3.6.2.M20110210-1200,"",1409767587692
activated,editor,org.eclipse.jdt.ui,3.6.2.r362_v20110203,"org.eclipse.jdt.ui.CompilationUnitEditor",1409767587830
executed,command,org.eclipse.ui,3.6.2.M20110203-1100,"org.eclipse.ui.file.save",1409767605674
activated,view,org.eclipse.ui.ide,3.6.2.M20101201-0800,"org.eclipse.ui.views.ResourceNavigator",1409767609810
opened,editor,org.eclipse.jdt.ui,3.6.2.r362_v20110203,"org.eclipse.jdt.ui.CompilationUnitEditor",1409767611472
activated,editor,org.eclipse.jdt.ui,3.6.2.r362_v20110203,"org.eclipse.jdt.ui.CompilationUnitEditor",1409767611496
opened,editor,org.eclipse.jdt.ui,3.6.2.r362_v20110203,"org.eclipse.jdt.ui.CompilationUnitEditor",1409767628712
activated,editor,org.eclipse.jdt.ui,3.6.2.r362_v20110203,"org.eclipse.jdt.ui.CompilationUnitEditor",1409767628734
activated,editor,org.eclipse.jdt.ui,3.6.2.r362_v20110203,"org.eclipse.jdt.ui.CompilationUnitEditor",1409767635178
activated,editor,org.eclipse.jdt.ui,3.6.2.r362_v20110203,"org.eclipse.jdt.ui.CompilationUnitEditor",1409767637869
executed,command,org.eclipse.ui,3.6.2.M20110203-1100,"org.eclipse.ui.file.save",1409767643166
error,log,,,"Exception occurred during problem detection:\n----------------------------------- SOURCE BEGIN -------------------------------------\npackage com.loyauty.model;\n\nimport java.util.Date;\nimport java.util.List;\n\nimport lombok.Data;\nimport lombok.ToString;\n\n@Data @ToString(callSuper=true)\npublic class Brand extends AbstractEntity{\n\n\tprivate String name;\n\tprivate Image image;\n\tprivate String description;\n\tprivate Date creationDate;\n\tprivate String code;\n\tprivate Long idCategoryGroup;\n\tprivate Integer hide;\n\t//private Double coefficient;\n\tprivate Double satisfact;\n\tprivate List<Long> categoryGroupId;\n\t\n\tpublic Brand(){}\n\t\n\t  \n}\n\n----------------------------------- SOURCE END -------------------------------------",1409767645299
error,log,,,"Problems occurred when invoking code from plug-in: ""org.eclipse.jdt.ui"".",1409767645301
error,log,,,"Error in JDT Core during reconcile",1409767645302
deactivated,workbench,org.eclipse.ui.workbench,3.6.2.M20110210-1200,"",1409767646761
activated,workbench,org.eclipse.ui.workbench,3.6.2.M20110210-1200,"",1409767648183
executed,command,org.eclipse.ui,3.6.2.M20110203-1100,"org.eclipse.ui.file.saveAll",1409767648213
activated,view,org.eclipse.ui.console,3.5.0.v20100526,"org.eclipse.ui.console.ConsoleView",1409767653030
activated,view,org.eclipse.wst.server.ui,1.1.207.v20110119,"org.eclipse.wst.server.ui.ServersView",1409767653398
activated,view,org.eclipse.ui.console,3.5.0.v20100526,"org.eclipse.ui.console.ConsoleView",1409767654614
activated,view,org.eclipse.wst.server.ui,1.1.207.v20110119,"org.eclipse.wst.server.ui.ServersView",1409767657751
deactivated,workbench,org.eclipse.ui.workbench,3.6.2.M20110210-1200,"",1409767660235
activated,workbench,org.eclipse.ui.workbench,3.6.2.M20110210-1200,"",1409767661348
executed,command,org.eclipse.wst.server.ui,1.1.207.v20110119,"org.eclipse.wst.server.run",1409767666436
activated,view,org.eclipse.ui.console,3.5.0.v20100526,"org.eclipse.ui.console.ConsoleView",1409767669394
deactivated,workbench,org.eclipse.ui.workbench,3.6.2.M20110210-1200,"",1409767692818
activated,workbench,org.eclipse.ui.workbench,3.6.2.M20110210-1200,"",1409767725456
activated,view,org.eclipse.wst.server.ui,1.1.207.v20110119,"org.eclipse.wst.server.ui.ServersView",1409767725460
deactivated,workbench,org.eclipse.ui.workbench,3.6.2.M20110210-1200,"",1409767942061
activated,workbench,org.eclipse.ui.workbench,3.6.2.M20110210-1200,"",1409767971828
activated,view,org.eclipse.ui.console,3.5.0.v20100526,"org.eclipse.ui.console.ConsoleView",1409767971958
deactivated,workbench,org.eclipse.ui.workbench,3.6.2.M20110210-1200,"",1409767991914
activated,workbench,org.eclipse.ui.workbench,3.6.2.M20110210-1200,"",1409769106335
executed,command,org.eclipse.ui,3.6.2.M20110203-1100,"org.eclipse.ui.edit.copy",1409769116815
executed,command,org.eclipse.ui,3.6.2.M20110203-1100,"org.eclipse.ui.edit.copy",1409769117102
executed,command,org.eclipse.ui,3.6.2.M20110203-1100,"org.eclipse.ui.edit.copy",1409769117294
activated,editor,org.eclipse.jdt.ui,3.6.2.r362_v20110203,"org.eclipse.jdt.ui.CompilationUnitEditor",1409769119073
deactivated,workbench,org.eclipse.ui.workbench,3.6.2.M20110210-1200,"",1409769120967
activated,workbench,org.eclipse.ui.workbench,3.6.2.M20110210-1200,"",1409769130669
opened,editor,org.eclipse.wst.xml.ui,1.1.103.v201101122108,"org.eclipse.wst.xml.ui.internal.tabletree.XMLMultiPageEditorPart",1409769130736
activated,editor,org.eclipse.wst.xml.ui,1.1.103.v201101122108,"org.eclipse.wst.xml.ui.internal.tabletree.XMLMultiPageEditorPart",1409769130806
executed,command,org.eclipse.ui.ide,3.6.2.M20101201-0800,"org.eclipse.ui.navigate.openResource",1409769130808
deactivated,workbench,org.eclipse.ui.workbench,3.6.2.M20110210-1200,"",1409769134282
executed,command,org.eclipse.ui,3.6.2.M20110203-1100,"org.eclipse.ui.edit.findReplace",1409769134296
executed,command,org.eclipse.ui,3.6.2.M20110203-1100,"org.eclipse.ui.edit.paste",1409769135383
activated,workbench,org.eclipse.ui.workbench,3.6.2.M20110210-1200,"",1409769138800
executed,command,org.eclipse.ui,3.6.2.M20110203-1100,"org.eclipse.ui.edit.copy",1409769224091
executed,command,org.eclipse.ui,3.6.2.M20110203-1100,"org.eclipse.ui.edit.copy",1409769224236
executed,command,org.eclipse.ui,3.6.2.M20110203-1100,"org.eclipse.ui.edit.paste",1409769240354
executed,command,org.eclipse.ui,3.6.2.M20110203-1100,"org.eclipse.ui.edit.delete",1409769242047
executed,command,org.eclipse.ui,3.6.2.M20110203-1100,"org.eclipse.ui.file.save",1409769271828
activated,view,org.eclipse.ui.console,3.5.0.v20100526,"org.eclipse.ui.console.ConsoleView",1409769273622
activated,view,org.eclipse.wst.server.ui,1.1.207.v20110119,"org.eclipse.wst.server.ui.ServersView",1409769273934
activated,editor,org.eclipse.wst.xml.ui,1.1.103.v201101122108,"org.eclipse.wst.xml.ui.internal.tabletree.XMLMultiPageEditorPart",1409769276005
